counters:
    apimisses: 0
    cachehits: 0
    cachemisses: 0
    daily:
        count: 0
        max: 900
        nextreset: "2023-10-11T22:50:46Z"
        startdate: "2023-10-10T22:50:46Z"
    enabled: true
    hourly:
        count: 0
        max: 900
        nextreset: 2023-10-10T23:50:46.249297564Z
        startdate: 2023-10-10T22:50:46.249297364Z
    lifetime:
        count: 0
        max: 0
        nextreset: 2023-10-10T22:50:46.249298304Z
        startdate: 2023-10-10T22:50:46.249298094Z
    monthly:
        count: 0
        max: 30000
        nextreset: "2023-11-10T22:50:46Z"
        startdate: "2023-10-10T22:50:46Z"
