counters:
    apimisses: 0
    cachehits: 0
    cachemisses: 0
    daily:
        count: 0
        max: 900
        nextreset: "2023-09-24T16:19:53Z"
        startdate: "2023-09-23T16:19:53Z"
    enabled: true
    hourly:
        count: 0
        max: 900
        nextreset: 2023-09-23T17:19:53.56068366Z
        startdate: 2023-09-23T16:19:53.56068347Z
    lifetime:
        count: 0
        max: 0
        nextreset: 2023-09-23T16:19:53.56068462Z
        startdate: 2023-09-23T16:19:53.56068443Z
    monthly:
        count: 0
        max: 30000
        nextreset: "2023-10-23T16:19:53Z"
        startdate: "2023-09-23T16:19:53Z"
